name,phone_number,email
Beck,111-111-1111,beck@blocmail.com
Julie,222-222-2222,julie@blocmail.com
Todd,333-333-3333,todd@blocmail.com